Owner = testacc
HouseX = 2495.426025
HouseY = -1690.353271
HouseZ = 14.765625
Value = 10000000
VehModel = 524
CarColor1 = 512
CarColor2 = 0
VehWheel = 1080
VehNitro = true
VehHydro = true
CarX = 2487.644042
CarY = -1682.561279
CarZ = 13.051966
CarA = 88.086097
