Owner = Bedun Saheb
HouseX = 2486.414062
HouseY = -1646.187622
HouseZ = 14.070311
Value = 1000000
CarColor1 = 0
CarColor2 = 0
VehWheel = 0
VehNitro = false
VehHydro = false
CarX = 0.000000
CarY = 0.000000
CarZ = 0.000000
CarA = 0.000000
