Cash = 455595
pPosX = 2510.739013
pPosY = -1667.559814
pPosZ = 13.566238
Health = 95.000000
Armour = 68.000000
House = 0
gSlot0_gun = 0
gSlot0_ammo = 0
gSlot1_gun = 0
gSlot1_ammo = 0
gSlot2_gun = 0
gSlot2_ammo = 0
gSlot3_gun = 0
gSlot3_ammo = 0
gSlot4_gun = 0
gSlot4_ammo = 0
gSlot5_gun = 0
gSlot5_ammo = 0
gSlot6_gun = 0
gSlot6_ammo = 0
gSlot7_gun = 0
gSlot7_ammo = 0
gSlot8_gun = 0
gSlot8_ammo = 0
gSlot9_gun = 0
gSlot9_ammo = 0
gSlot10_gun = 0
gSlot10_ammo = 0
gSlot11_gun = 0
gSlot11_ammo = 0
gSlot12_gun = 0
gSlot12_ammo = 0
pPass = 2718
