pPass = 2718
Cash = 728363
pPosX = 2478.567871
pPosY = -1680.156372
pPosZ = 13.337796
Health = 85.000000
Armour = 0.000000
House = 1
gSlot0_gun = 0
gSlot0_ammo = 0
gSlot1_gun = 0
gSlot1_ammo = 0
gSlot2_gun = 0
gSlot2_ammo = 0
gSlot3_gun = 0
gSlot3_ammo = 0
gSlot4_gun = 0
gSlot4_ammo = 0
gSlot5_gun = 0
gSlot5_ammo = 0
gSlot6_gun = 0
gSlot6_ammo = 0
gSlot7_gun = 0
gSlot7_ammo = 0
gSlot8_gun = 0
gSlot8_ammo = 0
gSlot9_gun = 0
gSlot9_ammo = 0
gSlot10_gun = 0
gSlot10_ammo = 0
gSlot11_gun = 0
gSlot11_ammo = 0
gSlot12_gun = 0
gSlot12_ammo = 0
