Owner = 0
Color = -202316394
MinX = 1159.557006
MinY = -1398.676757
MaxX = 1339.557006
MaxY = -1248.676757
