Owner = 0
Color = -202316394
MinX = 821.079895
MinY = -1705.833374
MaxX = 1013.079895
MaxY = -1465.833374
