Owner = 0
Color = -202316394
MinX = 539.459838
MinY = -1367.791992
MaxX = 923.459838
MaxY = -1193.791992
