Owner = 0
Color = -16752197
MinX = 828.557495
MinY = -1146.160522
MaxX = 972.557495
MaxY = -954.160522
