Color = 16739515
MinX = 572.809814
MinY = -1104.720092
MaxX = 764.809814
MaxY = -912.720092
