Color = 16739515
MinX = 2360.470458
MinY = -1783.555908
MaxX = 2624.470458
MaxY = -1579.555908
