Color = -202316394
MinX = 2059.340087
MinY = -1798.970703
MaxX = 2281.340087
MaxY = -1546.970703
