Color = -202316394
MinX = 2282.119873
MinY = -1853.937988
MaxX = 2360.119873
MaxY = -1475.937988
